Good/1.jpg 1 0 0 364 500
Good/2.jpg 1 0 0 364 500
Good/3.jpg 1 0 0 364 500
Good/4.jpg 1 0 0 364 500
Good/5.jpg 1 0 0 364 500
Good/6.jpg 1 0 0 364 500
Good/7.jpg 1 0 0 364 500
Good/8.jpg 1 0 0 364 500
Good/9.jpg 1 0 0 364 500
Good/10.jpg 1 0 0 364 500
Good/11.jpg 1 0 0 364 500
Good/12.jpg 1 0 0 364 500
Good/13.jpg 1 0 0 364 500
Good/14.jpg 1 0 0 364 500
Good/15.jpg 1 0 0 364 500
Good/16.jpg 1 0 0 364 500
Good/17.jpg 1 0 0 364 500
Good/18.jpg 1 0 0 364 500
Good/19.jpg 1 0 0 364 500
Good/20.jpg 1 0 0 364 500
Good/21.jpg 1 0 0 364 500
Good/22.jpg 1 0 0 364 500
Good/23.jpg 1 0 0 364 500
Good/24.jpg 1 0 0 364 500
Good/25.jpg 1 0 0 364 500
Good/26.jpg 1 0 0 364 500
Good/27.jpg 1 0 0 364 500
Good/28.jpg 1 0 0 364 500
Good/29.jpg 1 0 0 364 500
Good/30.jpg 1 0 0 364 500
Good/31.jpg 1 0 0 364 500
Good/32.jpg 1 0 0 364 500
Good/33.jpg 1 0 0 364 500
Good/34.jpg 1 0 0 364 500
Good/35.jpg 1 0 0 364 500
Good/36.jpg 1 0 0 364 500
Good/37.jpg 1 0 0 364 500
Good/38.jpg 1 0 0 364 500
Good/39.jpg 1 0 0 364 500
Good/40.jpg 1 0 0 364 500
Good/41.jpg 1 0 0 364 500
Good/42.jpg 1 0 0 364 500
Good/43.jpg 1 0 0 364 500
Good/44.jpg 1 0 0 364 500
Good/45.jpg 1 0 0 364 500
Good/46.jpg 1 0 0 364 500
Good/47.jpg 1 0 0 364 500
Good/48.jpg 1 0 0 364 500
Good/49.jpg 1 0 0 364 500
Good/50.jpg 1 0 0 364 500
Good/51.jpg 1 0 0 364 500
Good/52.jpg 1 0 0 364 500
Good/53.jpg 1 0 0 364 500
Good/54.jpg 1 0 0 364 500
Good/55.jpg 1 0 0 364 500
Good/56.jpg 1 0 0 364 500
Good/57.jpg 1 0 0 364 500
Good/58.jpg 1 0 0 364 500
Good/59.jpg 1 0 0 364 500
Good/60.jpg 1 0 0 364 500
Good/61.jpg 1 0 0 364 500
Good/62.jpg 1 0 0 364 500
Good/63.jpg 1 0 0 364 500
Good/64.jpg 1 0 0 364 500
Good/65.jpg 1 0 0 364 500
Good/66.jpg 1 0 0 364 500
Good/67.jpg 1 0 0 364 500
Good/68.jpg 1 0 0 364 500
Good/69.jpg 1 0 0 364 500
Good/70.jpg 1 0 0 364 500
Good/71.jpg 1 0 0 364 500
Good/72.jpg 1 0 0 364 500
Good/73.jpg 1 0 0 364 500
Good/74.jpg 1 0 0 364 500
Good/75.jpg 1 0 0 364 500
Good/76.jpg 1 0 0 364 500
Good/77.jpg 1 0 0 364 500
Good/78.jpg 1 0 0 364 500
Good/79.jpg 1 0 0 364 500
Good/80.jpg 1 0 0 364 500
Good/81.jpg 1 0 0 364 500
Good/82.jpg 1 0 0 364 500
Good/83.jpg 1 0 0 364 500
Good/84.jpg 1 0 0 364 500
Good/85.jpg 1 0 0 364 500
Good/86.jpg 1 0 0 364 500
Good/87.jpg 1 0 0 364 500
Good/88.jpg 1 0 0 364 500
Good/89.jpg 1 0 0 364 500
Good/90.jpg 1 0 0 364 500
Good/91.jpg 1 0 0 364 500
Good/92.jpg 1 0 0 364 500
Good/93.jpg 1 0 0 364 500
Good/94.jpg 1 0 0 364 500
Good/95.jpg 1 0 0 364 500
Good/96.jpg 1 0 0 364 500
Good/97.jpg 1 0 0 364 500
Good/98.jpg 1 0 0 364 500
Good/99.jpg 1 0 0 364 500
Good/100.jpg 1 0 0 364 500
Good/101.jpg 1 0 0 364 500
Good/102.jpg 1 0 0 364 500
Good/103.jpg 1 0 0 364 500
Good/104.jpg 1 0 0 364 500
Good/105.jpg 1 0 0 364 500
Good/106.jpg 1 0 0 364 500
Good/107.jpg 1 0 0 364 500
Good/108.jpg 1 0 0 364 500
Good/109.jpg 1 0 0 364 500
Good/110.jpg 1 0 0 364 500
Good/111.jpg 1 0 0 364 500
Good/112.jpg 1 0 0 364 500
Good/113.jpg 1 0 0 364 500
Good/114.jpg 1 0 0 364 500
Good/115.jpg 1 0 0 364 500
Good/116.jpg 1 0 0 364 500
Good/117.jpg 1 0 0 364 500
Good/118.jpg 1 0 0 364 500
Good/119.jpg 1 0 0 364 500
Good/120.jpg 1 0 0 364 500
Good/121.jpg 1 0 0 364 500
Good/122.jpg 1 0 0 364 500
Good/123.jpg 1 0 0 364 500
Good/124.jpg 1 0 0 364 500
Good/125.jpg 1 0 0 364 500
Good/126.jpg 1 0 0 364 500
Good/127.jpg 1 0 0 364 500
Good/128.jpg 1 0 0 364 500
Good/129.jpg 1 0 0 364 500
Good/130.jpg 1 0 0 364 500
Good/131.jpg 1 0 0 364 500
Good/132.jpg 1 0 0 364 500
Good/133.jpg 1 0 0 364 500
Good/134.jpg 1 0 0 364 500
Good/135.jpg 1 0 0 364 500
Good/136.jpg 1 0 0 364 500
Good/137.jpg 1 0 0 364 500
Good/138.jpg 1 0 0 364 500
Good/139.jpg 1 0 0 364 500
Good/140.jpg 1 0 0 364 500
Good/141.jpg 1 0 0 364 500
Good/142.jpg 1 0 0 364 500
Good/143.jpg 1 0 0 364 500
Good/144.jpg 1 0 0 364 500
Good/145.jpg 1 0 0 364 500
Good/146.jpg 1 0 0 364 500
Good/147.jpg 1 0 0 364 500
Good/148.jpg 1 0 0 364 500
Good/149.jpg 1 0 0 364 500
Good/150.jpg 1 0 0 364 500
Good/151.jpg 1 0 0 364 500
Good/152.jpg 1 0 0 364 500
Good/153.jpg 1 0 0 364 500
Good/154.jpg 1 0 0 364 500
Good/155.jpg 1 0 0 364 500
Good/156.jpg 1 0 0 364 500
Good/157.jpg 1 0 0 364 500
Good/158.jpg 1 0 0 364 500
Good/159.jpg 1 0 0 364 500
Good/160.jpg 1 0 0 364 500
Good/161.jpg 1 0 0 364 500
Good/162.jpg 1 0 0 364 500
Good/163.jpg 1 0 0 364 500
Good/164.jpg 1 0 0 364 500
Good/165.jpg 1 0 0 364 500
Good/166.jpg 1 0 0 364 500
Good/167.jpg 1 0 0 364 500
Good/168.jpg 1 0 0 364 500
Good/169.jpg 1 0 0 364 500
Good/170.jpg 1 0 0 364 500
Good/171.jpg 1 0 0 364 500
Good/172.jpg 1 0 0 364 500
Good/173.jpg 1 0 0 364 500
Good/174.jpg 1 0 0 364 500
Good/175.jpg 1 0 0 364 500
Good/176.jpg 1 0 0 364 500
Good/177.jpg 1 0 0 364 500
Good/178.jpg 1 0 0 364 500
Good/179.jpg 1 0 0 364 500
Good/180.jpg 1 0 0 364 500
Good/181.jpg 1 0 0 364 500
Good/182.jpg 1 0 0 364 500
Good/183.jpg 1 0 0 364 500
Good/184.jpg 1 0 0 364 500
Good/185.jpg 1 0 0 364 500
Good/186.jpg 1 0 0 364 500
Good/187.jpg 1 0 0 364 500
Good/188.jpg 1 0 0 364 500
Good/189.jpg 1 0 0 364 500
Good/190.jpg 1 0 0 364 500
Good/191.jpg 1 0 0 364 500
Good/192.jpg 1 0 0 364 500
Good/193.jpg 1 0 0 364 500
Good/194.jpg 1 0 0 364 500
Good/195.jpg 1 0 0 364 500
Good/196.jpg 1 0 0 364 500
Good/197.jpg 1 0 0 364 500
Good/198.jpg 1 0 0 364 500
Good/199.jpg 1 0 0 364 500
Good/200.jpg 1 0 0 364 500
Good/201.jpg 1 0 0 364 500
Good/202.jpg 1 0 0 364 500
Good/203.jpg 1 0 0 364 500
Good/204.jpg 1 0 0 364 500
Good/205.jpg 1 0 0 364 500
Good/206.jpg 1 0 0 364 500
Good/207.jpg 1 0 0 364 500
Good/208.jpg 1 0 0 364 500
Good/209.jpg 1 0 0 364 500
Good/210.jpg 1 0 0 364 500
Good/211.jpg 1 0 0 364 500
Good/212.jpg 1 0 0 364 500
Good/213.jpg 1 0 0 364 500
Good/214.jpg 1 0 0 364 500
Good/215.jpg 1 0 0 364 500
Good/216.jpg 1 0 0 364 500
Good/217.jpg 1 0 0 364 500
Good/218.jpg 1 0 0 364 500
Good/219.jpg 1 0 0 364 500
Good/220.jpg 1 0 0 364 500
Good/221.jpg 1 0 0 364 500
Good/222.jpg 1 0 0 364 500
Good/223.jpg 1 0 0 364 500
Good/224.jpg 1 0 0 364 500
Good/225.jpg 1 0 0 364 500
Good/226.jpg 1 0 0 364 500
Good/227.jpg 1 0 0 364 500
Good/228.jpg 1 0 0 364 500
Good/229.jpg 1 0 0 364 500
Good/230.jpg 1 0 0 364 500
Good/231.jpg 1 0 0 364 500
Good/232.jpg 1 0 0 364 500
Good/233.jpg 1 0 0 364 500
Good/234.jpg 1 0 0 364 500
Good/235.jpg 1 0 0 364 500
Good/236.jpg 1 0 0 364 500
Good/237.jpg 1 0 0 364 500
Good/238.jpg 1 0 0 364 500
Good/239.jpg 1 0 0 364 500
Good/240.jpg 1 0 0 364 500
Good/241.jpg 1 0 0 364 500
Good/242.jpg 1 0 0 364 500
Good/243.jpg 1 0 0 364 500
Good/244.jpg 1 0 0 364 500
Good/245.jpg 1 0 0 364 500
Good/246.jpg 1 0 0 364 500
Good/247.jpg 1 0 0 364 500
Good/248.jpg 1 0 0 364 500
Good/249.jpg 1 0 0 364 500
Good/250.jpg 1 0 0 364 500
Good/251.jpg 1 0 0 364 500
Good/252.jpg 1 0 0 364 500
Good/253.jpg 1 0 0 364 500
Good/254.jpg 1 0 0 364 500
Good/255.jpg 1 0 0 364 500
Good/256.jpg 1 0 0 364 500
Good/257.jpg 1 0 0 364 500
Good/258.jpg 1 0 0 364 500
Good/259.jpg 1 0 0 364 500
Good/260.jpg 1 0 0 364 500
Good/261.jpg 1 0 0 364 500
Good/262.jpg 1 0 0 364 500
Good/263.jpg 1 0 0 364 500
Good/264.jpg 1 0 0 364 500
Good/265.jpg 1 0 0 364 500
Good/266.jpg 1 0 0 364 500
Good/267.jpg 1 0 0 364 500
Good/268.jpg 1 0 0 364 500
Good/269.jpg 1 0 0 364 500
Good/270.jpg 1 0 0 364 500
Good/271.jpg 1 0 0 364 500
Good/272.jpg 1 0 0 364 500
Good/273.jpg 1 0 0 364 500
Good/274.jpg 1 0 0 364 500
Good/275.jpg 1 0 0 364 500
Good/276.jpg 1 0 0 364 500
Good/277.jpg 1 0 0 364 500
Good/278.jpg 1 0 0 364 500
Good/279.jpg 1 0 0 364 500
Good/280.jpg 1 0 0 364 500
Good/281.jpg 1 0 0 364 500
Good/282.jpg 1 0 0 364 500
Good/283.jpg 1 0 0 364 500
Good/284.jpg 1 0 0 364 500
Good/285.jpg 1 0 0 364 500
Good/286.jpg 1 0 0 364 500
Good/287.jpg 1 0 0 364 500
Good/288.jpg 1 0 0 364 500
Good/289.jpg 1 0 0 364 500
Good/290.jpg 1 0 0 364 500
Good/291.jpg 1 0 0 364 500
Good/292.jpg 1 0 0 364 500
Good/293.jpg 1 0 0 364 500
Good/294.jpg 1 0 0 364 500
Good/295.jpg 1 0 0 364 500
Good/296.jpg 1 0 0 364 500
Good/297.jpg 1 0 0 364 500
Good/298.jpg 1 0 0 364 500
Good/299.jpg 1 0 0 364 500
Good/300.jpg 1 0 0 364 500
Good/301.jpg 1 0 0 364 500
Good/302.jpg 1 0 0 364 500
Good/303.jpg 1 0 0 364 500
Good/304.jpg 1 0 0 364 500
Good/305.jpg 1 0 0 364 500
Good/306.jpg 1 0 0 364 500
Good/307.jpg 1 0 0 364 500
Good/308.jpg 1 0 0 364 500
Good/309.jpg 1 0 0 364 500
Good/310.jpg 1 0 0 364 500
Good/311.jpg 1 0 0 364 500
Good/312.jpg 1 0 0 364 500
Good/313.jpg 1 0 0 364 500
Good/314.jpg 1 0 0 364 500
Good/315.jpg 1 0 0 364 500
Good/316.jpg 1 0 0 364 500
Good/317.jpg 1 0 0 364 500
Good/318.jpg 1 0 0 364 500
Good/319.jpg 1 0 0 364 500
Good/320.jpg 1 0 0 364 500
Good/321.jpg 1 0 0 364 500
Good/322.jpg 1 0 0 364 500
Good/323.jpg 1 0 0 364 500
Good/324.jpg 1 0 0 364 500
Good/481.jpg 1 0 0 364 500
Good/482.jpg 1 0 0 364 500
Good/483.jpg 1 0 0 364 500
Good/484.jpg 1 0 0 364 500
Good/485.jpg 1 0 0 364 500
Good/486.jpg 1 0 0 364 500
Good/487.jpg 1 0 0 364 500
Good/488.jpg 1 0 0 364 500
Good/489.jpg 1 0 0 364 500
Good/490.jpg 1 0 0 364 500
Good/491.jpg 1 0 0 364 500
Good/492.jpg 1 0 0 364 500
Good/493.jpg 1 0 0 364 500
Good/494.jpg 1 0 0 364 500
Good/495.jpg 1 0 0 364 500
Good/496.jpg 1 0 0 364 500
Good/497.jpg 1 0 0 364 500
Good/498.jpg 1 0 0 364 500
Good/499.jpg 1 0 0 364 500
Good/500.jpg 1 0 0 364 500
Good/501.jpg 1 0 0 364 500
Good/502.jpg 1 0 0 364 500
Good/503.jpg 1 0 0 364 500
Good/504.jpg 1 0 0 364 500
Good/505.jpg 1 0 0 364 500
Good/506.jpg 1 0 0 364 500
Good/507.jpg 1 0 0 364 500
Good/508.jpg 1 0 0 364 500
Good/509.jpg 1 0 0 364 500
Good/510.jpg 1 0 0 364 500
Good/511.jpg 1 0 0 364 500
Good/512.jpg 1 0 0 364 500
Good/513.jpg 1 0 0 364 500
Good/514.jpg 1 0 0 364 500
Good/515.jpg 1 0 0 364 500
Good/516.jpg 1 0 0 364 500
Good/517.jpg 1 0 0 364 500
Good/518.jpg 1 0 0 364 500
Good/519.jpg 1 0 0 364 500
Good/520.jpg 1 0 0 364 500
Good/521.jpg 1 0 0 364 500
Good/522.jpg 1 0 0 364 500
Good/523.jpg 1 0 0 364 500
Good/524.jpg 1 0 0 364 500
Good/525.jpg 1 0 0 364 500
Good/526.jpg 1 0 0 364 500
Good/527.jpg 1 0 0 364 500
Good/528.jpg 1 0 0 364 500
Good/529.jpg 1 0 0 364 500
Good/530.jpg 1 0 0 364 500
Good/531.jpg 1 0 0 364 500
Good/532.jpg 1 0 0 364 500
Good/533.jpg 1 0 0 364 500
Good/534.jpg 1 0 0 364 500
Good/535.jpg 1 0 0 364 500
Good/536.jpg 1 0 0 364 500
Good/537.jpg 1 0 0 364 500
Good/538.jpg 1 0 0 364 500
Good/539.jpg 1 0 0 364 500
Good/540.jpg 1 0 0 364 500
Good/541.jpg 1 0 0 364 500
Good/542.jpg 1 0 0 364 500
Good/543.jpg 1 0 0 364 500
Good/544.jpg 1 0 0 364 500
Good/545.jpg 1 0 0 364 500
Good/546.jpg 1 0 0 364 500
Good/547.jpg 1 0 0 364 500
Good/548.jpg 1 0 0 364 500
Good/549.jpg 1 0 0 364 500
Good/550.jpg 1 0 0 364 500
Good/551.jpg 1 0 0 364 500
Good/552.jpg 1 0 0 364 500
Good/553.jpg 1 0 0 364 500
Good/554.jpg 1 0 0 364 500
Good/555.jpg 1 0 0 364 500
Good/556.jpg 1 0 0 364 500
Good/557.jpg 1 0 0 364 500
Good/558.jpg 1 0 0 364 500
Good/559.jpg 1 0 0 364 500
Good/560.jpg 1 0 0 364 500
Good/561.jpg 1 0 0 364 500
Good/562.jpg 1 0 0 364 500
Good/563.jpg 1 0 0 364 500
Good/564.jpg 1 0 0 364 500
Good/565.jpg 1 0 0 364 500
Good/566.jpg 1 0 0 364 500
Good/567.jpg 1 0 0 364 500
Good/568.jpg 1 0 0 364 500
Good/569.jpg 1 0 0 364 500
Good/570.jpg 1 0 0 364 500
Good/571.jpg 1 0 0 364 500
Good/572.jpg 1 0 0 364 500
Good/573.jpg 1 0 0 364 500
Good/574.jpg 1 0 0 364 500
Good/575.jpg 1 0 0 364 500
Good/576.jpg 1 0 0 364 500
Good/577.jpg 1 0 0 364 500
Good/578.jpg 1 0 0 364 500
Good/579.jpg 1 0 0 364 500
Good/580.jpg 1 0 0 364 500
Good/581.jpg 1 0 0 364 500
Good/582.jpg 1 0 0 364 500
Good/583.jpg 1 0 0 364 500
Good/584.jpg 1 0 0 364 500
Good/585.jpg 1 0 0 364 500
Good/586.jpg 1 0 0 364 500
Good/587.jpg 1 0 0 364 500
Good/588.jpg 1 0 0 364 500
Good/589.jpg 1 0 0 364 500
Good/590.jpg 1 0 0 364 500
Good/591.jpg 1 0 0 364 500
Good/592.jpg 1 0 0 364 500
Good/593.jpg 1 0 0 364 500
Good/594.jpg 1 0 0 364 500
Good/595.jpg 1 0 0 364 500
Good/596.jpg 1 0 0 364 500
Good/597.jpg 1 0 0 364 500
Good/598.jpg 1 0 0 364 500
Good/599.jpg 1 0 0 364 500
Good/600.jpg 1 0 0 364 500
Good/601.jpg 1 0 0 364 500
Good/602.jpg 1 0 0 364 500
Good/603.jpg 1 0 0 364 500
Good/604.jpg 1 0 0 364 500
Good/605.jpg 1 0 0 364 500
Good/606.jpg 1 0 0 364 500
Good/607.jpg 1 0 0 364 500
Good/608.jpg 1 0 0 364 500
Good/609.jpg 1 0 0 364 500
Good/610.jpg 1 0 0 364 500
Good/611.jpg 1 0 0 364 500
Good/612.jpg 1 0 0 364 500
Good/613.jpg 1 0 0 364 500
Good/614.jpg 1 0 0 364 500
Good/615.jpg 1 0 0 364 500
Good/616.jpg 1 0 0 364 500
Good/617.jpg 1 0 0 364 500
Good/618.jpg 1 0 0 364 500
Good/619.jpg 1 0 0 364 500
Good/620.jpg 1 0 0 364 500
Good/621.jpg 1 0 0 364 500
Good/622.jpg 1 0 0 364 500
Good/623.jpg 1 0 0 364 500
Good/624.jpg 1 0 0 364 500
Good/697.jpg 1 0 0 364 500
Good/698.jpg 1 0 0 364 500
Good/699.jpg 1 0 0 364 500
Good/700.jpg 1 0 0 364 500
Good/701.jpg 1 0 0 364 500
Good/702.jpg 1 0 0 364 500
Good/703.jpg 1 0 0 364 500
Good/704.jpg 1 0 0 364 500
Good/705.jpg 1 0 0 364 500
Good/706.jpg 1 0 0 364 500
Good/707.jpg 1 0 0 364 500
Good/708.jpg 1 0 0 364 500
Good/709.jpg 1 0 0 364 500
Good/710.jpg 1 0 0 364 500
Good/711.jpg 1 0 0 364 500
Good/712.jpg 1 0 0 364 500
Good/713.jpg 1 0 0 364 500
Good/714.jpg 1 0 0 364 500
Good/715.jpg 1 0 0 364 500
Good/716.jpg 1 0 0 364 500
Good/717.jpg 1 0 0 364 500
Good/718.jpg 1 0 0 364 500
Good/719.jpg 1 0 0 364 500
Good/720.jpg 1 0 0 364 500
Good/721.jpg 1 0 0 364 500
Good/722.jpg 1 0 0 364 500
Good/723.jpg 1 0 0 364 500
Good/724.jpg 1 0 0 364 500
Good/725.jpg 1 0 0 364 500
Good/726.jpg 1 0 0 364 500
Good/727.jpg 1 0 0 364 500
Good/728.jpg 1 0 0 364 500
Good/729.jpg 1 0 0 364 500
Good/730.jpg 1 0 0 364 500
Good/731.jpg 1 0 0 364 500
Good/732.jpg 1 0 0 364 500
Good/733.jpg 1 0 0 364 500
Good/734.jpg 1 0 0 364 500
Good/735.jpg 1 0 0 364 500
Good/736.jpg 1 0 0 364 500
Good/737.jpg 1 0 0 364 500
Good/738.jpg 1 0 0 364 500
Good/739.jpg 1 0 0 364 500
Good/740.jpg 1 0 0 364 500
Good/741.jpg 1 0 0 364 500
Good/742.jpg 1 0 0 364 500
Good/743.jpg 1 0 0 364 500
Good/744.jpg 1 0 0 364 500
Good/745.jpg 1 0 0 364 500
Good/746.jpg 1 0 0 364 500
Good/747.jpg 1 0 0 364 500
Good/748.jpg 1 0 0 364 500
Good/749.jpg 1 0 0 364 500
Good/750.jpg 1 0 0 364 500
Good/751.jpg 1 0 0 364 500
Good/752.jpg 1 0 0 364 500
Good/753.jpg 1 0 0 364 500
Good/754.jpg 1 0 0 364 500
Good/755.jpg 1 0 0 364 500
Good/756.jpg 1 0 0 364 500
Good/757.jpg 1 0 0 364 500
Good/758.jpg 1 0 0 364 500
Good/759.jpg 1 0 0 364 500
Good/760.jpg 1 0 0 364 500
Good/761.jpg 1 0 0 364 500
Good/762.jpg 1 0 0 364 500
Good/763.jpg 1 0 0 364 500
Good/764.jpg 1 0 0 364 500
Good/765.jpg 1 0 0 364 500
Good/766.jpg 1 0 0 364 500
Good/767.jpg 1 0 0 364 500
Good/768.jpg 1 0 0 364 500
Good/769.jpg 1 0 0 364 500
Good/770.jpg 1 0 0 364 500
Good/771.jpg 1 0 0 364 500
Good/772.jpg 1 0 0 364 500
Good/773.jpg 1 0 0 364 500
Good/774.jpg 1 0 0 364 500
Good/775.jpg 1 0 0 364 500
Good/776.jpg 1 0 0 364 500
Good/777.jpg 1 0 0 364 500
Good/778.jpg 1 0 0 364 500
Good/779.jpg 1 0 0 364 500
Good/780.jpg 1 0 0 364 500
Good/781.jpg 1 0 0 364 500
Good/782.jpg 1 0 0 364 500
Good/783.jpg 1 0 0 364 500
Good/784.jpg 1 0 0 364 500
Good/785.jpg 1 0 0 364 500
Good/786.jpg 1 0 0 364 500
Good/787.jpg 1 0 0 364 500
Good/788.jpg 1 0 0 364 500
Good/789.jpg 1 0 0 364 500
Good/790.jpg 1 0 0 364 500
Good/791.jpg 1 0 0 364 500
Good/792.jpg 1 0 0 364 500
Good/793.jpg 1 0 0 364 500
Good/794.jpg 1 0 0 364 500
Good/795.jpg 1 0 0 364 500
Good/796.jpg 1 0 0 364 500
Good/797.jpg 1 0 0 364 500
Good/798.jpg 1 0 0 364 500
Good/799.jpg 1 0 0 364 500
Good/800.jpg 1 0 0 364 500
Good/801.jpg 1 0 0 364 500
Good/802.jpg 1 0 0 364 500
Good/803.jpg 1 0 0 364 500
Good/804.jpg 1 0 0 364 500
Good/805.jpg 1 0 0 364 500
Good/806.jpg 1 0 0 364 500
Good/807.jpg 1 0 0 364 500
Good/808.jpg 1 0 0 364 500
Good/809.jpg 1 0 0 364 500
Good/810.jpg 1 0 0 364 500
Good/811.jpg 1 0 0 364 500
Good/812.jpg 1 0 0 364 500
Good/813.jpg 1 0 0 364 500
Good/814.jpg 1 0 0 364 500
Good/815.jpg 1 0 0 364 500
Good/816.jpg 1 0 0 364 500
Good/817.jpg 1 0 0 364 500
Good/818.jpg 1 0 0 364 500
Good/819.jpg 1 0 0 364 500
Good/820.jpg 1 0 0 364 500
Good/821.jpg 1 0 0 364 500
Good/822.jpg 1 0 0 364 500
Good/823.jpg 1 0 0 364 500
Good/824.jpg 1 0 0 364 500
Good/825.jpg 1 0 0 364 500
Good/826.jpg 1 0 0 364 500
Good/827.jpg 1 0 0 364 500
Good/828.jpg 1 0 0 364 500
Good/829.jpg 1 0 0 364 500
Good/830.jpg 1 0 0 364 500
Good/831.jpg 1 0 0 364 500
Good/832.jpg 1 0 0 364 500
Good/833.jpg 1 0 0 364 500
Good/834.jpg 1 0 0 364 500
Good/835.jpg 1 0 0 364 500
Good/836.jpg 1 0 0 364 500
Good/837.jpg 1 0 0 364 500
Good/838.jpg 1 0 0 364 500
Good/839.jpg 1 0 0 364 500
Good/840.jpg 1 0 0 364 500
Good/841.jpg 1 0 0 364 500
Good/842.jpg 1 0 0 364 500
Good/843.jpg 1 0 0 364 500
Good/844.jpg 1 0 0 364 500
Good/845.jpg 1 0 0 364 500
Good/846.jpg 1 0 0 364 500
Good/847.jpg 1 0 0 364 500
Good/848.jpg 1 0 0 364 500
Good/849.jpg 1 0 0 364 500
Good/850.jpg 1 0 0 364 500
Good/851.jpg 1 0 0 364 500
Good/852.jpg 1 0 0 364 500
Good/853.jpg 1 0 0 364 500
Good/854.jpg 1 0 0 364 500
Good/855.jpg 1 0 0 364 500
Good/856.jpg 1 0 0 364 500
Good/857.jpg 1 0 0 364 500
Good/858.jpg 1 0 0 364 500
Good/859.jpg 1 0 0 364 500
Good/860.jpg 1 0 0 364 500
Good/861.jpg 1 0 0 364 500
Good/862.jpg 1 0 0 364 500
Good/863.jpg 1 0 0 364 500
Good/864.jpg 1 0 0 364 500
Good/865.jpg 1 0 0 364 500
Good/866.jpg 1 0 0 364 500
Good/867.jpg 1 0 0 364 500
Good/868.jpg 1 0 0 364 500
Good/869.jpg 1 0 0 364 500
Good/870.jpg 1 0 0 364 500
Good/871.jpg 1 0 0 364 500
Good/872.jpg 1 0 0 364 500
Good/873.jpg 1 0 0 364 500
Good/874.jpg 1 0 0 364 500
Good/875.jpg 1 0 0 364 500
Good/876.jpg 1 0 0 364 500
Good/877.jpg 1 0 0 364 500
Good/878.jpg 1 0 0 364 500
Good/879.jpg 1 0 0 364 500
Good/880.jpg 1 0 0 364 500
Good/881.jpg 1 0 0 364 500
Good/882.jpg 1 0 0 364 500
Good/883.jpg 1 0 0 364 500
Good/884.jpg 1 0 0 364 500
Good/885.jpg 1 0 0 364 500
Good/886.jpg 1 0 0 364 500
Good/887.jpg 1 0 0 364 500
Good/888.jpg 1 0 0 364 500
Good/889.jpg 1 0 0 364 500
Good/890.jpg 1 0 0 364 500
Good/891.jpg 1 0 0 364 500
Good/892.jpg 1 0 0 364 500
Good/893.jpg 1 0 0 364 500
Good/894.jpg 1 0 0 364 500
Good/895.jpg 1 0 0 364 500
Good/896.jpg 1 0 0 364 500
Good/897.jpg 1 0 0 364 500
Good/898.jpg 1 0 0 364 500
Good/899.jpg 1 0 0 364 500
Good/900.jpg 1 0 0 364 500
Good/901.jpg 1 0 0 364 500
Good/902.jpg 1 0 0 364 500
Good/903.jpg 1 0 0 364 500
Good/904.jpg 1 0 0 364 500
Good/905.jpg 1 0 0 364 500
Good/906.jpg 1 0 0 364 500
Good/907.jpg 1 0 0 364 500
Good/908.jpg 1 0 0 364 500
Good/909.jpg 1 0 0 364 500
Good/910.jpg 1 0 0 364 500
Good/911.jpg 1 0 0 364 500
Good/912.jpg 1 0 0 364 500
Good/913.jpg 1 0 0 364 500
Good/914.jpg 1 0 0 364 500
Good/915.jpg 1 0 0 364 500
Good/916.jpg 1 0 0 364 500
Good/917.jpg 1 0 0 364 500
Good/918.jpg 1 0 0 364 500
Good/919.jpg 1 0 0 364 500
Good/920.jpg 1 0 0 364 500
Good/921.jpg 1 0 0 364 500
Good/922.jpg 1 0 0 364 500
Good/923.jpg 1 0 0 364 500
Good/924.jpg 1 0 0 364 500
Good/925.jpg 1 0 0 364 500
Good/926.jpg 1 0 0 364 500
Good/927.jpg 1 0 0 364 500
Good/928.jpg 1 0 0 364 500
Good/929.jpg 1 0 0 364 500
Good/930.jpg 1 0 0 364 500
Good/931.jpg 1 0 0 364 500
Good/932.jpg 1 0 0 364 500
Good/933.jpg 1 0 0 364 500
Good/934.jpg 1 0 0 364 500
Good/935.jpg 1 0 0 364 500
Good/936.jpg 1 0 0 364 500
Good/937.jpg 1 0 0 364 500
Good/938.jpg 1 0 0 364 500
Good/939.jpg 1 0 0 364 500
Good/940.jpg 1 0 0 364 500
Good/941.jpg 1 0 0 364 500
Good/942.jpg 1 0 0 364 500
Good/943.jpg 1 0 0 364 500
Good/944.jpg 1 0 0 364 500
Good/945.jpg 1 0 0 364 500
Good/946.jpg 1 0 0 364 500
Good/947.jpg 1 0 0 364 500
Good/948.jpg 1 0 0 364 500
Good/949.jpg 1 0 0 364 500
Good/950.jpg 1 0 0 364 500
Good/951.jpg 1 0 0 364 500
Good/952.jpg 1 0 0 364 500
Good/953.jpg 1 0 0 364 500
Good/954.jpg 1 0 0 364 500
Good/955.jpg 1 0 0 364 500
Good/956.jpg 1 0 0 364 500
Good/957.jpg 1 0 0 364 500
Good/958.jpg 1 0 0 364 500
Good/959.jpg 1 0 0 364 500
Good/960.jpg 1 0 0 364 500
Good/961.jpg 1 0 0 364 500
Good/962.jpg 1 0 0 364 500
Good/963.jpg 1 0 0 364 500
Good/964.jpg 1 0 0 364 500
Good/965.jpg 1 0 0 364 500
Good/966.jpg 1 0 0 364 500
Good/967.jpg 1 0 0 364 500
Good/968.jpg 1 0 0 364 500
Good/969.jpg 1 0 0 364 500
Good/970.jpg 1 0 0 364 500
Good/971.jpg 1 0 0 364 500
Good/972.jpg 1 0 0 364 500
Good/973.jpg 1 0 0 364 500
Good/974.jpg 1 0 0 364 500
Good/975.jpg 1 0 0 364 500
Good/976.jpg 1 0 0 364 500
Good/977.jpg 1 0 0 364 500
Good/978.jpg 1 0 0 364 500
Good/979.jpg 1 0 0 364 500
Good/980.jpg 1 0 0 364 500
Good/981.jpg 1 0 0 364 500
Good/982.jpg 1 0 0 364 500
Good/983.jpg 1 0 0 364 500
Good/984.jpg 1 0 0 364 500
Good/985.jpg 1 0 0 364 500
Good/986.jpg 1 0 0 364 500
Good/987.jpg 1 0 0 364 500
Good/988.jpg 1 0 0 364 500
Good/989.jpg 1 0 0 364 500
Good/990.jpg 1 0 0 364 500
Good/991.jpg 1 0 0 364 500
Good/992.jpg 1 0 0 364 500
Good/993.jpg 1 0 0 364 500
Good/994.jpg 1 0 0 364 500
Good/995.jpg 1 0 0 364 500
Good/996.jpg 1 0 0 364 500
Good/997.jpg 1 0 0 364 500
Good/998.jpg 1 0 0 364 500
Good/999.jpg 1 0 0 364 500
Good/1000.jpg 1 0 0 364 500
Good/1001.jpg 1 0 0 364 500
Good/1002.jpg 1 0 0 364 500
Good/1003.jpg 1 0 0 364 500
Good/1004.jpg 1 0 0 364 500
Good/1005.jpg 1 0 0 364 500
Good/1006.jpg 1 0 0 364 500
Good/1007.jpg 1 0 0 364 500
Good/1008.jpg 1 0 0 364 500
Good/1009.jpg 1 0 0 364 500
Good/1010.jpg 1 0 0 364 500
Good/1011.jpg 1 0 0 364 500
Good/1012.jpg 1 0 0 364 500
Good/1013.jpg 1 0 0 364 500
Good/1014.jpg 1 0 0 364 500
Good/1015.jpg 1 0 0 364 500
Good/1016.jpg 1 0 0 364 500
Good/1017.jpg 1 0 0 364 500
Good/1018.jpg 1 0 0 364 500
Good/1019.jpg 1 0 0 364 500
Good/1020.jpg 1 0 0 364 500
Good/1021.jpg 1 0 0 364 500
Good/1022.jpg 1 0 0 364 500
Good/1023.jpg 1 0 0 364 500
Good/1024.jpg 1 0 0 364 500
Good/1025.jpg 1 0 0 364 500
Good/1026.jpg 1 0 0 364 500
Good/1027.jpg 1 0 0 364 500
Good/1028.jpg 1 0 0 364 500
Good/1029.jpg 1 0 0 364 500
Good/1030.jpg 1 0 0 364 500
Good/1031.jpg 1 0 0 364 500
Good/1032.jpg 1 0 0 364 500
Good/1033.jpg 1 0 0 364 500
Good/1034.jpg 1 0 0 364 500
Good/1035.jpg 1 0 0 364 500
Good/1036.jpg 1 0 0 364 500
Good/1037.jpg 1 0 0 364 500
Good/1038.jpg 1 0 0 364 500
Good/1039.jpg 1 0 0 364 500
Good/1040.jpg 1 0 0 364 500
Good/1041.jpg 1 0 0 364 500
Good/1042.jpg 1 0 0 364 500
Good/1043.jpg 1 0 0 364 500
Good/1044.jpg 1 0 0 364 500
Good/1045.jpg 1 0 0 364 500
Good/1046.jpg 1 0 0 364 500
Good/1047.jpg 1 0 0 364 500
Good/1048.jpg 1 0 0 364 500
Good/1049.jpg 1 0 0 364 500
Good/1050.jpg 1 0 0 364 500
Good/1051.jpg 1 0 0 364 500
Good/1052.jpg 1 0 0 364 500
Good/1053.jpg 1 0 0 364 500
Good/1054.jpg 1 0 0 364 500
Good/1055.jpg 1 0 0 364 500
Good/1056.jpg 1 0 0 364 500
Good/1057.jpg 1 0 0 364 500
Good/1058.jpg 1 0 0 364 500
Good/1059.jpg 1 0 0 364 500
Good/1060.jpg 1 0 0 364 500
Good/1061.jpg 1 0 0 364 500
Good/1062.jpg 1 0 0 364 500
Good/1063.jpg 1 0 0 364 500
Good/1064.jpg 1 0 0 364 500
Good/1065.jpg 1 0 0 364 500
Good/1066.jpg 1 0 0 364 500
Good/1067.jpg 1 0 0 364 500
Good/1068.jpg 1 0 0 364 500
Good/1069.jpg 1 0 0 364 500
Good/1070.jpg 1 0 0 364 500
Good/1071.jpg 1 0 0 364 500
Good/1072.jpg 1 0 0 364 500
Good/1073.jpg 1 0 0 364 500
Good/1074.jpg 1 0 0 364 500
Good/1075.jpg 1 0 0 364 500
Good/1076.jpg 1 0 0 364 500
Good/1077.jpg 1 0 0 364 500
Good/1078.jpg 1 0 0 364 500
Good/1079.jpg 1 0 0 364 500
Good/1080.jpg 1 0 0 364 500
Good/1081.jpg 1 0 0 364 500
Good/1082.jpg 1 0 0 364 500
Good/1083.jpg 1 0 0 364 500
Good/1084.jpg 1 0 0 364 500
Good/1085.jpg 1 0 0 364 500
Good/1086.jpg 1 0 0 364 500
Good/1087.jpg 1 0 0 364 500
Good/1088.jpg 1 0 0 364 500
Good/1089.jpg 1 0 0 364 500
Good/1090.jpg 1 0 0 364 500
Good/1091.jpg 1 0 0 364 500
Good/1092.jpg 1 0 0 364 500
Good/1093.jpg 1 0 0 364 500
Good/1094.jpg 1 0 0 364 500
Good/1095.jpg 1 0 0 364 500
Good/1096.jpg 1 0 0 364 500
Good/1097.jpg 1 0 0 364 500
Good/1098.jpg 1 0 0 364 500
Good/1099.jpg 1 0 0 364 500
Good/1100.jpg 1 0 0 364 500
Good/1101.jpg 1 0 0 364 500
Good/1102.jpg 1 0 0 364 500
Good/1103.jpg 1 0 0 364 500
Good/1104.jpg 1 0 0 364 500
Good/1105.jpg 1 0 0 364 500
Good/1106.jpg 1 0 0 364 500
Good/1107.jpg 1 0 0 364 500
Good/1108.jpg 1 0 0 364 500
Good/1109.jpg 1 0 0 364 500
Good/1110.jpg 1 0 0 364 500
Good/1111.jpg 1 0 0 364 500
Good/1112.jpg 1 0 0 364 500
Good/1113.jpg 1 0 0 364 500
Good/1114.jpg 1 0 0 364 500
Good/1115.jpg 1 0 0 364 500
Good/1116.jpg 1 0 0 364 500
Good/1117.jpg 1 0 0 364 500
Good/1118.jpg 1 0 0 364 500
Good/1119.jpg 1 0 0 364 500
Good/1120.jpg 1 0 0 364 500
Good/1121.jpg 1 0 0 364 500
Good/1122.jpg 1 0 0 364 500
Good/1123.jpg 1 0 0 364 500
Good/1124.jpg 1 0 0 364 500
Good/1125.jpg 1 0 0 364 500
Good/1126.jpg 1 0 0 364 500
Good/1127.jpg 1 0 0 364 500
Good/1128.jpg 1 0 0 364 500
Good/1129.jpg 1 0 0 364 500
Good/1130.jpg 1 0 0 364 500
Good/1131.jpg 1 0 0 364 500
Good/1132.jpg 1 0 0 364 500
Good/1133.jpg 1 0 0 364 500
Good/1134.jpg 1 0 0 364 500
Good/1135.jpg 1 0 0 364 500
Good/1136.jpg 1 0 0 364 500
Good/1137.jpg 1 0 0 364 500
Good/1138.jpg 1 0 0 364 500
Good/1139.jpg 1 0 0 364 500
Good/1140.jpg 1 0 0 364 500
Good/1141.jpg 1 0 0 364 500
Good/1142.jpg 1 0 0 364 500
Good/1143.jpg 1 0 0 364 500
Good/1144.jpg 1 0 0 364 500
Good/1145.jpg 1 0 0 364 500
Good/1146.jpg 1 0 0 364 500
Good/1147.jpg 1 0 0 364 500
Good/1148.jpg 1 0 0 364 500
Good/1149.jpg 1 0 0 364 500
Good/1150.jpg 1 0 0 364 500
Good/1151.jpg 1 0 0 364 500
Good/1152.jpg 1 0 0 364 500
Good/1153.jpg 1 0 0 364 500
Good/1154.jpg 1 0 0 364 500
Good/1155.jpg 1 0 0 364 500
Good/1156.jpg 1 0 0 364 500
Good/1157.jpg 1 0 0 364 500
Good/1158.jpg 1 0 0 364 500
Good/1159.jpg 1 0 0 364 500
Good/1160.jpg 1 0 0 364 500
Good/1161.jpg 1 0 0 364 500
Good/1162.jpg 1 0 0 364 500
Good/1163.jpg 1 0 0 364 500
Good/1164.jpg 1 0 0 364 500
Good/1165.jpg 1 0 0 364 500
Good/1166.jpg 1 0 0 364 500
Good/1167.jpg 1 0 0 364 500
Good/1168.jpg 1 0 0 364 500
Good/1169.jpg 1 0 0 364 500
Good/1170.jpg 1 0 0 364 500
Good/1171.jpg 1 0 0 364 500
Good/1172.jpg 1 0 0 364 500
Good/1173.jpg 1 0 0 364 500
Good/1174.jpg 1 0 0 364 500
Good/1175.jpg 1 0 0 364 500
Good/1176.jpg 1 0 0 364 500
Good/1177.jpg 1 0 0 364 500
Good/1178.jpg 1 0 0 364 500
Good/1179.jpg 1 0 0 364 500
Good/1180.jpg 1 0 0 364 500
Good/1181.jpg 1 0 0 364 500
Good/1182.jpg 1 0 0 364 500
Good/1183.jpg 1 0 0 364 500
Good/1184.jpg 1 0 0 364 500
Good/1185.jpg 1 0 0 364 500
Good/1186.jpg 1 0 0 364 500
Good/1187.jpg 1 0 0 364 500
Good/1188.jpg 1 0 0 364 500
Good/1189.jpg 1 0 0 364 500
Good/1190.jpg 1 0 0 364 500
Good/1191.jpg 1 0 0 364 500
Good/1192.jpg 1 0 0 364 500
Good/1193.jpg 1 0 0 364 500
Good/1194.jpg 1 0 0 364 500
Good/1195.jpg 1 0 0 364 500
Good/1196.jpg 1 0 0 364 500
Good/1197.jpg 1 0 0 364 500
Good/1198.jpg 1 0 0 364 500
Good/1199.jpg 1 0 0 364 500
Good/1200.jpg 1 0 0 364 500
Good/1201.jpg 1 0 0 364 500
Good/1202.jpg 1 0 0 364 500
Good/1203.jpg 1 0 0 364 500
Good/1204.jpg 1 0 0 364 500
Good/1205.jpg 1 0 0 364 500
Good/1206.jpg 1 0 0 364 500
Good/1207.jpg 1 0 0 364 500
Good/1208.jpg 1 0 0 364 500
Good/1209.jpg 1 0 0 364 500
Good/1210.jpg 1 0 0 364 500
Good/1211.jpg 1 0 0 364 500
Good/1212.jpg 1 0 0 364 500
Good/1213.jpg 1 0 0 364 500
Good/1214.jpg 1 0 0 364 500
Good/1215.jpg 1 0 0 364 500
Good/1216.jpg 1 0 0 364 500
Good/1217.jpg 1 0 0 364 500
Good/1218.jpg 1 0 0 364 500
Good/1219.jpg 1 0 0 364 500
Good/1220.jpg 1 0 0 364 500
Good/1221.jpg 1 0 0 364 500
Good/1222.jpg 1 0 0 364 500
Good/1223.jpg 1 0 0 364 500
Good/1224.jpg 1 0 0 364 500
Good/1225.jpg 1 0 0 364 500
Good/1226.jpg 1 0 0 364 500
Good/1227.jpg 1 0 0 364 500
Good/1228.jpg 1 0 0 364 500
Good/1229.jpg 1 0 0 364 500
Good/1230.jpg 1 0 0 364 500
Good/1231.jpg 1 0 0 364 500
Good/1232.jpg 1 0 0 364 500
Good/1233.jpg 1 0 0 364 500
Good/1234.jpg 1 0 0 364 500
Good/1235.jpg 1 0 0 364 500
Good/1236.jpg 1 0 0 364 500
Good/1237.jpg 1 0 0 364 500
Good/1238.jpg 1 0 0 364 500
Good/1239.jpg 1 0 0 364 500
Good/1240.jpg 1 0 0 364 500
Good/1241.jpg 1 0 0 364 500
Good/1242.jpg 1 0 0 364 500
Good/1243.jpg 1 0 0 364 500
Good/1244.jpg 1 0 0 364 500
Good/1245.jpg 1 0 0 364 500
Good/1246.jpg 1 0 0 364 500
Good/1247.jpg 1 0 0 364 500
Good/1248.jpg 1 0 0 364 500
Good/1249.jpg 1 0 0 364 500
Good/1250.jpg 1 0 0 364 500
Good/1251.jpg 1 0 0 364 500
Good/1252.jpg 1 0 0 364 500
Good/1253.jpg 1 0 0 364 500
Good/1254.jpg 1 0 0 364 500
Good/1255.jpg 1 0 0 364 500
Good/1256.jpg 1 0 0 364 500
Good/1257.jpg 1 0 0 364 500
Good/1258.jpg 1 0 0 364 500
Good/1259.jpg 1 0 0 364 500
Good/1260.jpg 1 0 0 364 500
Good/1261.jpg 1 0 0 364 500
Good/1262.jpg 1 0 0 364 500
Good/1263.jpg 1 0 0 364 500
Good/1264.jpg 1 0 0 364 500
Good/1265.jpg 1 0 0 364 500
Good/1266.jpg 1 0 0 364 500
Good/1267.jpg 1 0 0 364 500
Good/1268.jpg 1 0 0 364 500
Good/1269.jpg 1 0 0 364 500
Good/1270.jpg 1 0 0 364 500
Good/1271.jpg 1 0 0 364 500
Good/1272.jpg 1 0 0 364 500
Good/1273.jpg 1 0 0 364 500
Good/1274.jpg 1 0 0 364 500
Good/1275.jpg 1 0 0 364 500
Good/1276.jpg 1 0 0 364 500
Good/1277.jpg 1 0 0 364 500
Good/1278.jpg 1 0 0 364 500
Good/1279.jpg 1 0 0 364 500
Good/1280.jpg 1 0 0 364 500
Good/1281.jpg 1 0 0 364 500
Good/1282.jpg 1 0 0 364 500
Good/1283.jpg 1 0 0 364 500
Good/1284.jpg 1 0 0 364 500
Good/1285.jpg 1 0 0 364 500
Good/1286.jpg 1 0 0 364 500
Good/1287.jpg 1 0 0 364 500
Good/1288.jpg 1 0 0 364 500
Good/1289.jpg 1 0 0 364 500
Good/1290.jpg 1 0 0 364 500
Good/1291.jpg 1 0 0 364 500
Good/1292.jpg 1 0 0 364 500
Good/1293.jpg 1 0 0 364 500
Good/1294.jpg 1 0 0 364 500
Good/1295.jpg 1 0 0 364 500
Good/1296.jpg 1 0 0 364 500
Good/1297.jpg 1 0 0 364 500
Good/1298.jpg 1 0 0 364 500
Good/1299.jpg 1 0 0 364 500
Good/1300.jpg 1 0 0 364 500
Good/1301.jpg 1 0 0 364 500
Good/1302.jpg 1 0 0 364 500
Good/1303.jpg 1 0 0 364 500
Good/1304.jpg 1 0 0 364 500
Good/1305.jpg 1 0 0 364 500
Good/1306.jpg 1 0 0 364 500
Good/1307.jpg 1 0 0 364 500
Good/1308.jpg 1 0 0 364 500
Good/1309.jpg 1 0 0 364 500
Good/1310.jpg 1 0 0 364 500
Good/1311.jpg 1 0 0 364 500
Good/1312.jpg 1 0 0 364 500
Good/1313.jpg 1 0 0 364 500
Good/1314.jpg 1 0 0 364 500
Good/1315.jpg 1 0 0 364 500
Good/1316.jpg 1 0 0 364 500
Good/1317.jpg 1 0 0 364 500
Good/1318.jpg 1 0 0 364 500
Good/1319.jpg 1 0 0 364 500
Good/1320.jpg 1 0 0 364 500
Good/1321.jpg 1 0 0 364 500
Good/1322.jpg 1 0 0 364 500
Good/1323.jpg 1 0 0 364 500
Good/1324.jpg 1 0 0 364 500
Good/1325.jpg 1 0 0 364 500
Good/1326.jpg 1 0 0 364 500
Good/1327.jpg 1 0 0 364 500
Good/1328.jpg 1 0 0 364 500
Good/1329.jpg 1 0 0 364 500
Good/1330.jpg 1 0 0 364 500
Good/1331.jpg 1 0 0 364 500
Good/1332.jpg 1 0 0 364 500
Good/1333.jpg 1 0 0 364 500
Good/1334.jpg 1 0 0 364 500
Good/1335.jpg 1 0 0 364 500
Good/1336.jpg 1 0 0 364 500
Good/1337.jpg 1 0 0 364 500
Good/1338.jpg 1 0 0 364 500
Good/1339.jpg 1 0 0 364 500
Good/1340.jpg 1 0 0 364 500
Good/1341.jpg 1 0 0 364 500
Good/1342.jpg 1 0 0 364 500
Good/1343.jpg 1 0 0 364 500
Good/1344.jpg 1 0 0 364 500
Good/1345.jpg 1 0 0 364 500
Good/1346.jpg 1 0 0 364 500
Good/1347.jpg 1 0 0 364 500
Good/1348.jpg 1 0 0 364 500
Good/1349.jpg 1 0 0 364 500
Good/1350.jpg 1 0 0 364 500
Good/1351.jpg 1 0 0 364 500
Good/1352.jpg 1 0 0 364 500
Good/1353.jpg 1 0 0 364 500
Good/1354.jpg 1 0 0 364 500
Good/1355.jpg 1 0 0 364 500
Good/1356.jpg 1 0 0 364 500
Good/1357.jpg 1 0 0 364 500
Good/1358.jpg 1 0 0 364 500
Good/1359.jpg 1 0 0 364 500
Good/1360.jpg 1 0 0 364 500
Good/1361.jpg 1 0 0 364 500
Good/1362.jpg 1 0 0 364 500
Good/1363.jpg 1 0 0 364 500
Good/1364.jpg 1 0 0 364 500
Good/1365.jpg 1 0 0 364 500
Good/1366.jpg 1 0 0 364 500
Good/1367.jpg 1 0 0 364 500
Good/1368.jpg 1 0 0 364 500
Good/1369.jpg 1 0 0 364 500
Good/1370.jpg 1 0 0 364 500
Good/1371.jpg 1 0 0 364 500
Good/1372.jpg 1 0 0 364 500
Good/1373.jpg 1 0 0 364 500
Good/1374.jpg 1 0 0 364 500
Good/1375.jpg 1 0 0 364 500
Good/1376.jpg 1 0 0 364 500
Good/1377.jpg 1 0 0 364 500
Good/1378.jpg 1 0 0 364 500
Good/1379.jpg 1 0 0 364 500
Good/1380.jpg 1 0 0 364 500
Good/1381.jpg 1 0 0 364 500
Good/1382.jpg 1 0 0 364 500
Good/1383.jpg 1 0 0 364 500
Good/1384.jpg 1 0 0 364 500
Good/1385.jpg 1 0 0 364 500
Good/1386.jpg 1 0 0 364 500
Good/1387.jpg 1 0 0 364 500
Good/1388.jpg 1 0 0 364 500
Good/1389.jpg 1 0 0 364 500
Good/1390.jpg 1 0 0 364 500
Good/1391.jpg 1 0 0 364 500
Good/1392.jpg 1 0 0 364 500
Good/1393.jpg 1 0 0 364 500
Good/1394.jpg 1 0 0 364 500
Good/1395.jpg 1 0 0 364 500
Good/1396.jpg 1 0 0 364 500
Good/1397.jpg 1 0 0 364 500
Good/1398.jpg 1 0 0 364 500
Good/1399.jpg 1 0 0 364 500
Good/1400.jpg 1 0 0 364 500
Good/1401.jpg 1 0 0 364 500
Good/1402.jpg 1 0 0 364 500
Good/1403.jpg 1 0 0 364 500
Good/1404.jpg 1 0 0 364 500
Good/1405.jpg 1 0 0 364 500
Good/1406.jpg 1 0 0 364 500
Good/1407.jpg 1 0 0 364 500
Good/1408.jpg 1 0 0 364 500
Good/1409.jpg 1 0 0 364 500
Good/1410.jpg 1 0 0 364 500
Good/1411.jpg 1 0 0 364 500
Good/1412.jpg 1 0 0 364 500
Good/1413.jpg 1 0 0 364 500
Good/1414.jpg 1 0 0 364 500
Good/1415.jpg 1 0 0 364 500
Good/1416.jpg 1 0 0 364 500
Good/1417.jpg 1 0 0 364 500
Good/1418.jpg 1 0 0 364 500
Good/1419.jpg 1 0 0 364 500
Good/1420.jpg 1 0 0 364 500
Good/1421.jpg 1 0 0 364 500
Good/1422.jpg 1 0 0 364 500
Good/1423.jpg 1 0 0 364 500
Good/1424.jpg 1 0 0 364 500
Good/1425.jpg 1 0 0 364 500
Good/1426.jpg 1 0 0 364 500
Good/1427.jpg 1 0 0 364 500
Good/1428.jpg 1 0 0 364 500
Good/1429.jpg 1 0 0 364 500
Good/1430.jpg 1 0 0 364 500
Good/1431.jpg 1 0 0 364 500
Good/1432.jpg 1 0 0 364 500
Good/1433.jpg 1 0 0 364 500
Good/1434.jpg 1 0 0 364 500
Good/1435.jpg 1 0 0 364 500
Good/1436.jpg 1 0 0 364 500
Good/1437.jpg 1 0 0 364 500
Good/1438.jpg 1 0 0 364 500
Good/1439.jpg 1 0 0 364 500
Good/1440.jpg 1 0 0 364 500
Good/1441.jpg 1 0 0 364 500
Good/1442.jpg 1 0 0 364 500
Good/1443.jpg 1 0 0 364 500
Good/1444.jpg 1 0 0 364 500
Good/1445.jpg 1 0 0 364 500
Good/1446.jpg 1 0 0 364 500
Good/1447.jpg 1 0 0 364 500
Good/1448.jpg 1 0 0 364 500
Good/1449.jpg 1 0 0 364 500
Good/1450.jpg 1 0 0 364 500
Good/1451.jpg 1 0 0 364 500
Good/1452.jpg 1 0 0 364 500
Good/1453.jpg 1 0 0 364 500
Good/1454.jpg 1 0 0 364 500
Good/1455.jpg 1 0 0 364 500
Good/1456.jpg 1 0 0 364 500
Good/1457.jpg 1 0 0 364 500
Good/1458.jpg 1 0 0 364 500
Good/1459.jpg 1 0 0 364 500
Good/1460.jpg 1 0 0 364 500
Good/1461.jpg 1 0 0 364 500
Good/1462.jpg 1 0 0 364 500
Good/1463.jpg 1 0 0 364 500
Good/1464.jpg 1 0 0 364 500
Good/1465.jpg 1 0 0 364 500
Good/1466.jpg 1 0 0 364 500
Good/1467.jpg 1 0 0 364 500
Good/1468.jpg 1 0 0 364 500
Good/1469.jpg 1 0 0 364 500
Good/1470.jpg 1 0 0 364 500
Good/1471.jpg 1 0 0 364 500
Good/1472.jpg 1 0 0 364 500
Good/1473.jpg 1 0 0 364 500
Good/1474.jpg 1 0 0 364 500
Good/1475.jpg 1 0 0 364 500
Good/1476.jpg 1 0 0 364 500
Good/1477.jpg 1 0 0 364 500
Good/1478.jpg 1 0 0 364 500
Good/1479.jpg 1 0 0 364 500
Good/1480.jpg 1 0 0 364 500
Good/1481.jpg 1 0 0 364 500
Good/1482.jpg 1 0 0 364 500
Good/1483.jpg 1 0 0 364 500
Good/1484.jpg 1 0 0 364 500
Good/1485.jpg 1 0 0 364 500
Good/1486.jpg 1 0 0 364 500
Good/1487.jpg 1 0 0 364 500
Good/1488.jpg 1 0 0 364 500
Good/1489.jpg 1 0 0 364 500
Good/1490.jpg 1 0 0 364 500
Good/1491.jpg 1 0 0 364 500
Good/1492.jpg 1 0 0 364 500
Good/1493.jpg 1 0 0 364 500
Good/1494.jpg 1 0 0 364 500
Good/1495.jpg 1 0 0 364 500
Good/1496.jpg 1 0 0 364 500
Good/1497.jpg 1 0 0 364 500
Good/1498.jpg 1 0 0 364 500
Good/1499.jpg 1 0 0 364 500
Good/1500.jpg 1 0 0 364 500
Good/1501.jpg 1 0 0 364 500
Good/1502.jpg 1 0 0 364 500
Good/1503.jpg 1 0 0 364 500
Good/1504.jpg 1 0 0 364 500
Good/1505.jpg 1 0 0 364 500
Good/1506.jpg 1 0 0 364 500
Good/1507.jpg 1 0 0 364 500
Good/1508.jpg 1 0 0 364 500
Good/1509.jpg 1 0 0 364 500
Good/1510.jpg 1 0 0 364 500
Good/1511.jpg 1 0 0 364 500
Good/1512.jpg 1 0 0 364 500
Good/1513.jpg 1 0 0 364 500
Good/1514.jpg 1 0 0 364 500
Good/1515.jpg 1 0 0 364 500
Good/1516.jpg 1 0 0 364 500
Good/1517.jpg 1 0 0 364 500
Good/1518.jpg 1 0 0 364 500
Good/1519.jpg 1 0 0 364 500
Good/1520.jpg 1 0 0 364 500
Good/1521.jpg 1 0 0 364 500
Good/1522.jpg 1 0 0 364 500
Good/1523.jpg 1 0 0 364 500
Good/1524.jpg 1 0 0 364 500
Good/1525.jpg 1 0 0 364 500
Good/1526.jpg 1 0 0 364 500
Good/1527.jpg 1 0 0 364 500
Good/1528.jpg 1 0 0 364 500
Good/1529.jpg 1 0 0 364 500
Good/1530.jpg 1 0 0 364 500
Good/1531.jpg 1 0 0 364 500
Good/1532.jpg 1 0 0 364 500
Good/1533.jpg 1 0 0 364 500
Good/1534.jpg 1 0 0 364 500
Good/1535.jpg 1 0 0 364 500
Good/1536.jpg 1 0 0 364 500
Good/1537.jpg 1 0 0 364 500
Good/1538.jpg 1 0 0 364 500
Good/1539.jpg 1 0 0 364 500
Good/1540.jpg 1 0 0 364 500
Good/1541.jpg 1 0 0 364 500
Good/1542.jpg 1 0 0 364 500
Good/1543.jpg 1 0 0 364 500
Good/1544.jpg 1 0 0 364 500
Good/1545.jpg 1 0 0 364 500
Good/1546.jpg 1 0 0 364 500
Good/1547.jpg 1 0 0 364 500
Good/1548.jpg 1 0 0 364 500
Good/1549.jpg 1 0 0 364 500
Good/1550.jpg 1 0 0 364 500
Good/1551.jpg 1 0 0 364 500
Good/1552.jpg 1 0 0 364 500
Good/1553.jpg 1 0 0 364 500
Good/1554.jpg 1 0 0 364 500
Good/1555.jpg 1 0 0 364 500
Good/1556.jpg 1 0 0 364 500
Good/1557.jpg 1 0 0 364 500
Good/1558.jpg 1 0 0 364 500
Good/1559.jpg 1 0 0 364 500
Good/1560.jpg 1 0 0 364 500
Good/1561.jpg 1 0 0 364 500
Good/1562.jpg 1 0 0 364 500
Good/1563.jpg 1 0 0 364 500
Good/1564.jpg 1 0 0 364 500
Good/1565.jpg 1 0 0 364 500
Good/1566.jpg 1 0 0 364 500
Good/1567.jpg 1 0 0 364 500
Good/1568.jpg 1 0 0 364 500
Good/1569.jpg 1 0 0 364 500
Good/1570.jpg 1 0 0 364 500
Good/1571.jpg 1 0 0 364 500
Good/1572.jpg 1 0 0 364 500
Good/1573.jpg 1 0 0 364 500
Good/1574.jpg 1 0 0 364 500
Good/1575.jpg 1 0 0 364 500
Good/1576.jpg 1 0 0 364 500
Good/1577.jpg 1 0 0 364 500
Good/1578.jpg 1 0 0 364 500
Good/1579.jpg 1 0 0 364 500
Good/1580.jpg 1 0 0 364 500
Good/1581.jpg 1 0 0 364 500
Good/1582.jpg 1 0 0 364 500
Good/1583.jpg 1 0 0 364 500
Good/1584.jpg 1 0 0 364 500
Good/1585.jpg 1 0 0 364 500
Good/1586.jpg 1 0 0 364 500
Good/1587.jpg 1 0 0 364 500
Good/1588.jpg 1 0 0 364 500
Good/1589.jpg 1 0 0 364 500
Good/1590.jpg 1 0 0 364 500
Good/1591.jpg 1 0 0 364 500
Good/1592.jpg 1 0 0 364 500
Good/1593.jpg 1 0 0 364 500
Good/1594.jpg 1 0 0 364 500
Good/1595.jpg 1 0 0 364 500
Good/1596.jpg 1 0 0 364 500
Good/1597.jpg 1 0 0 364 500
Good/1598.jpg 1 0 0 364 500
Good/1599.jpg 1 0 0 364 500
Good/1600.jpg 1 0 0 364 500
Good/1601.jpg 1 0 0 364 500
Good/1602.jpg 1 0 0 364 500
Good/1603.jpg 1 0 0 364 500
Good/1604.jpg 1 0 0 364 500
Good/1605.jpg 1 0 0 364 500
Good/1606.jpg 1 0 0 364 500
Good/1607.jpg 1 0 0 364 500
Good/1608.jpg 1 0 0 364 500
Good/1609.jpg 1 0 0 364 500
Good/1610.jpg 1 0 0 364 500
Good/1611.jpg 1 0 0 364 500
Good/1612.jpg 1 0 0 364 500
Good/1613.jpg 1 0 0 364 500
Good/1614.jpg 1 0 0 364 500
Good/1615.jpg 1 0 0 364 500
Good/1616.jpg 1 0 0 364 500
Good/1617.jpg 1 0 0 364 500
Good/1618.jpg 1 0 0 364 500
Good/1619.jpg 1 0 0 364 500
Good/1620.jpg 1 0 0 364 500
Good/1621.jpg 1 0 0 364 500
Good/1622.jpg 1 0 0 364 500
Good/1623.jpg 1 0 0 364 500
Good/1624.jpg 1 0 0 364 500
Good/1625.jpg 1 0 0 364 500
Good/1626.jpg 1 0 0 364 500
Good/1627.jpg 1 0 0 364 500
Good/1628.jpg 1 0 0 364 500
Good/1629.jpg 1 0 0 364 500
Good/1630.jpg 1 0 0 364 500
Good/1631.jpg 1 0 0 364 500
Good/1632.jpg 1 0 0 364 500
Good/1633.jpg 1 0 0 364 500
Good/1634.jpg 1 0 0 364 500
Good/1635.jpg 1 0 0 364 500
Good/1636.jpg 1 0 0 364 500
Good/1637.jpg 1 0 0 364 500
Good/1638.jpg 1 0 0 364 500
Good/1639.jpg 1 0 0 364 500
Good/1640.jpg 1 0 0 364 500
Good/1641.jpg 1 0 0 364 500
Good/1642.jpg 1 0 0 364 500
Good/1643.jpg 1 0 0 364 500
Good/1644.jpg 1 0 0 364 500
Good/1645.jpg 1 0 0 364 500
Good/1646.jpg 1 0 0 364 500
Good/1647.jpg 1 0 0 364 500
Good/1648.jpg 1 0 0 364 500
Good/1649.jpg 1 0 0 364 500
Good/1650.jpg 1 0 0 364 500
Good/1651.jpg 1 0 0 364 500
Good/1652.jpg 1 0 0 364 500
Good/1653.jpg 1 0 0 364 500
Good/1654.jpg 1 0 0 364 500
Good/1655.jpg 1 0 0 364 500
Good/1656.jpg 1 0 0 364 500
Good/1657.jpg 1 0 0 364 500
Good/1658.jpg 1 0 0 364 500
Good/1841.jpg 1 0 0 364 500
Good/1842.jpg 1 0 0 364 500
Good/1843.jpg 1 0 0 364 500
Good/1844.jpg 1 0 0 364 500
Good/1845.jpg 1 0 0 364 500
Good/1846.jpg 1 0 0 364 500
Good/1847.jpg 1 0 0 364 500
Good/1848.jpg 1 0 0 364 500
Good/1849.jpg 1 0 0 364 500
Good/1850.jpg 1 0 0 364 500
Good/1851.jpg 1 0 0 364 500
Good/1852.jpg 1 0 0 364 500
Good/1853.jpg 1 0 0 364 500
Good/1854.jpg 1 0 0 364 500
Good/1855.jpg 1 0 0 364 500
Good/1856.jpg 1 0 0 364 500
Good/1857.jpg 1 0 0 364 500
Good/1858.jpg 1 0 0 364 500
Good/1859.jpg 1 0 0 364 500
Good/1860.jpg 1 0 0 364 500
Good/1861.jpg 1 0 0 364 500
Good/1862.jpg 1 0 0 364 500
Good/1923.jpg 1 0 0 364 500
Good/1924.jpg 1 0 0 364 500
Good/1925.jpg 1 0 0 364 500
Good/1926.jpg 1 0 0 364 500
Good/1927.jpg 1 0 0 364 500
Good/1928.jpg 1 0 0 364 500
Good/1929.jpg 1 0 0 364 500
Good/1930.jpg 1 0 0 364 500
Good/1931.jpg 1 0 0 364 500
Good/1932.jpg 1 0 0 364 500
Good/1933.jpg 1 0 0 364 500
Good/1934.jpg 1 0 0 364 500
Good/1935.jpg 1 0 0 364 500
Good/1936.jpg 1 0 0 364 500
Good/1937.jpg 1 0 0 364 500
Good/1938.jpg 1 0 0 364 500
Good/1939.jpg 1 0 0 364 500
Good/1940.jpg 1 0 0 364 500
Good/1941.jpg 1 0 0 364 500
Good/1942.jpg 1 0 0 364 500
Good/1943.jpg 1 0 0 364 500
Good/1944.jpg 1 0 0 364 500
Good/1945.jpg 1 0 0 364 500
Good/1946.jpg 1 0 0 364 500
Good/1947.jpg 1 0 0 364 500
Good/1948.jpg 1 0 0 364 500
Good/1949.jpg 1 0 0 364 500
Good/1950.jpg 1 0 0 364 500
Good/1951.jpg 1 0 0 364 500
Good/1952.jpg 1 0 0 364 500
Good/1953.jpg 1 0 0 364 500
Good/1954.jpg 1 0 0 364 500
Good/1955.jpg 1 0 0 364 500
Good/1956.jpg 1 0 0 364 500
Good/1957.jpg 1 0 0 364 500
Good/1958.jpg 1 0 0 364 500
Good/1959.jpg 1 0 0 364 500
Good/1960.jpg 1 0 0 364 500
Good/1961.jpg 1 0 0 364 500
Good/1962.jpg 1 0 0 364 500
Good/1963.jpg 1 0 0 364 500
Good/1964.jpg 1 0 0 364 500
Good/1965.jpg 1 0 0 364 500
Good/1966.jpg 1 0 0 364 500
Good/1967.jpg 1 0 0 364 500
Good/1968.jpg 1 0 0 364 500
Good/1969.jpg 1 0 0 364 500
Good/1970.jpg 1 0 0 364 500
Good/1971.jpg 1 0 0 364 500
Good/1972.jpg 1 0 0 364 500
Good/1973.jpg 1 0 0 364 500
Good/1974.jpg 1 0 0 364 500
Good/1975.jpg 1 0 0 364 500
Good/1976.jpg 1 0 0 364 500
Good/1977.jpg 1 0 0 364 500
Good/1978.jpg 1 0 0 364 500
Good/1979.jpg 1 0 0 364 500
Good/1980.jpg 1 0 0 364 500
Good/1981.jpg 1 0 0 364 500
Good/1982.jpg 1 0 0 364 500
Good/1983.jpg 1 0 0 364 500
Good/1984.jpg 1 0 0 364 500
Good/1985.jpg 1 0 0 364 500
Good/1986.jpg 1 0 0 364 500
Good/1987.jpg 1 0 0 364 500
Good/1988.jpg 1 0 0 364 500
Good/1989.jpg 1 0 0 364 500
Good/1990.jpg 1 0 0 364 500
Good/1991.jpg 1 0 0 364 500
Good/1992.jpg 1 0 0 364 500
Good/1993.jpg 1 0 0 364 500
Good/1994.jpg 1 0 0 364 500
Good/1995.jpg 1 0 0 364 500
Good/1996.jpg 1 0 0 364 500
Good/1997.jpg 1 0 0 364 500
Good/1998.jpg 1 0 0 364 500
Good/1999.jpg 1 0 0 364 500
Good/2000.jpg 1 0 0 364 500
Good/2001.jpg 1 0 0 364 500
Good/2002.jpg 1 0 0 364 500
Good/2003.jpg 1 0 0 364 500
Good/2004.jpg 1 0 0 364 500
Good/2005.jpg 1 0 0 364 500
Good/2006.jpg 1 0 0 364 500
Good/2007.jpg 1 0 0 364 500
Good/2008.jpg 1 0 0 364 500
Good/2009.jpg 1 0 0 364 500
Good/2010.jpg 1 0 0 364 500
Good/2011.jpg 1 0 0 364 500
Good/2012.jpg 1 0 0 364 500
Good/2013.jpg 1 0 0 364 500
Good/2014.jpg 1 0 0 364 500
Good/2015.jpg 1 0 0 364 500
Good/2016.jpg 1 0 0 364 500
Good/2017.jpg 1 0 0 364 500
Good/2018.jpg 1 0 0 364 500
Good/2019.jpg 1 0 0 364 500
Good/2020.jpg 1 0 0 364 500
Good/2021.jpg 1 0 0 364 500
Good/2022.jpg 1 0 0 364 500
Good/2023.jpg 1 0 0 364 500
Good/2024.jpg 1 0 0 364 500
Good/2025.jpg 1 0 0 364 500
Good/2026.jpg 1 0 0 364 500
Good/2027.jpg 1 0 0 364 500
Good/2028.jpg 1 0 0 364 500
Good/2029.jpg 1 0 0 364 500
Good/2030.jpg 1 0 0 364 500
Good/2031.jpg 1 0 0 364 500
Good/2032.jpg 1 0 0 364 500
Good/2033.jpg 1 0 0 364 500
Good/2034.jpg 1 0 0 364 500
Good/2035.jpg 1 0 0 364 500
Good/2036.jpg 1 0 0 364 500
Good/2037.jpg 1 0 0 364 500
Good/2038.jpg 1 0 0 364 500
Good/2039.jpg 1 0 0 364 500
Good/2040.jpg 1 0 0 364 500
Good/2041.jpg 1 0 0 364 500
Good/2042.jpg 1 0 0 364 500
Good/2043.jpg 1 0 0 364 500
Good/2044.jpg 1 0 0 364 500
Good/2045.jpg 1 0 0 364 500
Good/2046.jpg 1 0 0 364 500
Good/2047.jpg 1 0 0 364 500
Good/2048.jpg 1 0 0 364 500
Good/2049.jpg 1 0 0 364 500
Good/2050.jpg 1 0 0 364 500
Good/2051.jpg 1 0 0 364 500
Good/2052.jpg 1 0 0 364 500
Good/2053.jpg 1 0 0 364 500
Good/2054.jpg 1 0 0 364 500
Good/2055.jpg 1 0 0 364 500
Good/2056.jpg 1 0 0 364 500
Good/2057.jpg 1 0 0 364 500
Good/2058.jpg 1 0 0 364 500
Good/2059.jpg 1 0 0 364 500
Good/2060.jpg 1 0 0 364 500
Good/2061.jpg 1 0 0 364 500
Good/2062.jpg 1 0 0 364 500
Good/2063.jpg 1 0 0 364 500
Good/2064.jpg 1 0 0 364 500
Good/2065.jpg 1 0 0 364 500
Good/2066.jpg 1 0 0 364 500
Good/2067.jpg 1 0 0 364 500
Good/2068.jpg 1 0 0 364 500
Good/2069.jpg 1 0 0 364 500
Good/2070.jpg 1 0 0 364 500
Good/2071.jpg 1 0 0 364 500
Good/2072.jpg 1 0 0 364 500
Good/2073.jpg 1 0 0 364 500
Good/2074.jpg 1 0 0 364 500
Good/2075.jpg 1 0 0 364 500
Good/2076.jpg 1 0 0 364 500
Good/2077.jpg 1 0 0 364 500
Good/2078.jpg 1 0 0 364 500
Good/2079.jpg 1 0 0 364 500
Good/2080.jpg 1 0 0 364 500
Good/2081.jpg 1 0 0 364 500
Good/2082.jpg 1 0 0 364 500
Good/2083.jpg 1 0 0 364 500
Good/2084.jpg 1 0 0 364 500
Good/2085.jpg 1 0 0 364 500
Good/2086.jpg 1 0 0 364 500
Good/2087.jpg 1 0 0 364 500
Good/2088.jpg 1 0 0 364 500
Good/2089.jpg 1 0 0 364 500
Good/2090.jpg 1 0 0 364 500
Good/2091.jpg 1 0 0 364 500
Good/2092.jpg 1 0 0 364 500
Good/2093.jpg 1 0 0 364 500
Good/2094.jpg 1 0 0 364 500
Good/2095.jpg 1 0 0 364 500
Good/2096.jpg 1 0 0 364 500
Good/2097.jpg 1 0 0 364 500
Good/2098.jpg 1 0 0 364 500
Good/2099.jpg 1 0 0 364 500
Good/2100.jpg 1 0 0 364 500
Good/2101.jpg 1 0 0 364 500
Good/2102.jpg 1 0 0 364 500
Good/2103.jpg 1 0 0 364 500
Good/2104.jpg 1 0 0 364 500
Good/2105.jpg 1 0 0 364 500
Good/2106.jpg 1 0 0 364 500
Good/2107.jpg 1 0 0 364 500
Good/2108.jpg 1 0 0 364 500
Good/2109.jpg 1 0 0 364 500
Good/2110.jpg 1 0 0 364 500
Good/2111.jpg 1 0 0 364 500
Good/2112.jpg 1 0 0 364 500
Good/2113.jpg 1 0 0 364 500
Good/2114.jpg 1 0 0 364 500
Good/2115.jpg 1 0 0 364 500
Good/2116.jpg 1 0 0 364 500
Good/2117.jpg 1 0 0 364 500
Good/2118.jpg 1 0 0 364 500
Good/2119.jpg 1 0 0 364 500
Good/2120.jpg 1 0 0 364 500
Good/2121.jpg 1 0 0 364 500
Good/2122.jpg 1 0 0 364 500
Good/2123.jpg 1 0 0 364 500
Good/2124.jpg 1 0 0 364 500
Good/2125.jpg 1 0 0 364 500
Good/2126.jpg 1 0 0 364 500
Good/2127.jpg 1 0 0 364 500
Good/2128.jpg 1 0 0 364 500
Good/2129.jpg 1 0 0 364 500
Good/2130.jpg 1 0 0 364 500
Good/2131.jpg 1 0 0 364 500
Good/2132.jpg 1 0 0 364 500
Good/2133.jpg 1 0 0 364 500
Good/2134.jpg 1 0 0 364 500
Good/2135.jpg 1 0 0 364 500
Good/2136.jpg 1 0 0 364 500
Good/2137.jpg 1 0 0 364 500
Good/2138.jpg 1 0 0 364 500
Good/2139.jpg 1 0 0 364 500
Good/2140.jpg 1 0 0 364 500
Good/2141.jpg 1 0 0 364 500
Good/2142.jpg 1 0 0 364 500
Good/2143.jpg 1 0 0 364 500
Good/2144.jpg 1 0 0 364 500
Good/2145.jpg 1 0 0 364 500
Good/2146.jpg 1 0 0 364 500
Good/2147.jpg 1 0 0 364 500
Good/2148.jpg 1 0 0 364 500
Good/2149.jpg 1 0 0 364 500
Good/2150.jpg 1 0 0 364 500
Good/2151.jpg 1 0 0 364 500
Good/2152.jpg 1 0 0 364 500
Good/2153.jpg 1 0 0 364 500
Good/2154.jpg 1 0 0 364 500
Good/2155.jpg 1 0 0 364 500
Good/2156.jpg 1 0 0 364 500
Good/2157.jpg 1 0 0 364 500
Good/2158.jpg 1 0 0 364 500
Good/2159.jpg 1 0 0 364 500
Good/2160.jpg 1 0 0 364 500
Good/2161.jpg 1 0 0 364 500
Good/2162.jpg 1 0 0 364 500
Good/2163.jpg 1 0 0 364 500
Good/2164.jpg 1 0 0 364 500
Good/2165.jpg 1 0 0 364 500
Good/2166.jpg 1 0 0 364 500
Good/2167.jpg 1 0 0 364 500
Good/2168.jpg 1 0 0 364 500
Good/2169.jpg 1 0 0 364 500
Good/2170.jpg 1 0 0 364 500
Good/2171.jpg 1 0 0 364 500
Good/2172.jpg 1 0 0 364 500
Good/2173.jpg 1 0 0 364 500
Good/2174.jpg 1 0 0 364 500
Good/2175.jpg 1 0 0 364 500
Good/2176.jpg 1 0 0 364 500
Good/2177.jpg 1 0 0 364 500
Good/2178.jpg 1 0 0 364 500
Good/2179.jpg 1 0 0 364 500
Good/2180.jpg 1 0 0 364 500
Good/2181.jpg 1 0 0 364 500
Good/2182.jpg 1 0 0 364 500
Good/2183.jpg 1 0 0 364 500
Good/2184.jpg 1 0 0 364 500
Good/2185.jpg 1 0 0 364 500
Good/2186.jpg 1 0 0 364 500
Good/2187.jpg 1 0 0 364 500
Good/2188.jpg 1 0 0 364 500
Good/2189.jpg 1 0 0 364 500
Good/2190.jpg 1 0 0 364 500
Good/2191.jpg 1 0 0 364 500
Good/2192.jpg 1 0 0 364 500
Good/2193.jpg 1 0 0 364 500
Good/2194.jpg 1 0 0 364 500
Good/2195.jpg 1 0 0 364 500
Good/2196.jpg 1 0 0 364 500
Good/2197.jpg 1 0 0 364 500
Good/2198.jpg 1 0 0 364 500
Good/2199.jpg 1 0 0 364 500
Good/2200.jpg 1 0 0 364 500
Good/2201.jpg 1 0 0 364 500
Good/2202.jpg 1 0 0 364 500
Good/2203.jpg 1 0 0 364 500
Good/2204.jpg 1 0 0 364 500
Good/2205.jpg 1 0 0 364 500
Good/2206.jpg 1 0 0 364 500
Good/2207.jpg 1 0 0 364 500
Good/2208.jpg 1 0 0 364 500
Good/2209.jpg 1 0 0 364 500
Good/2210.jpg 1 0 0 364 500
Good/2211.jpg 1 0 0 364 500
Good/2212.jpg 1 0 0 364 500
Good/2213.jpg 1 0 0 364 500
Good/2214.jpg 1 0 0 364 500
Good/2215.jpg 1 0 0 364 500
Good/2216.jpg 1 0 0 364 500
Good/2217.jpg 1 0 0 364 500
Good/2218.jpg 1 0 0 364 500
Good/2219.jpg 1 0 0 364 500
Good/2220.jpg 1 0 0 364 500
Good/2221.jpg 1 0 0 364 500
Good/2222.jpg 1 0 0 364 500
Good/2223.jpg 1 0 0 364 500
Good/2224.jpg 1 0 0 364 500
Good/2225.jpg 1 0 0 364 500
Good/2226.jpg 1 0 0 364 500
Good/2227.jpg 1 0 0 364 500
Good/2228.jpg 1 0 0 364 500
Good/2229.jpg 1 0 0 364 500
Good/2230.jpg 1 0 0 364 500
Good/2231.jpg 1 0 0 364 500
Good/2232.jpg 1 0 0 364 500
Good/2233.jpg 1 0 0 364 500
Good/2234.jpg 1 0 0 364 500
Good/2235.jpg 1 0 0 364 500
Good/2236.jpg 1 0 0 364 500
Good/2237.jpg 1 0 0 364 500
Good/2238.jpg 1 0 0 364 500
Good/2239.jpg 1 0 0 364 500
Good/2240.jpg 1 0 0 364 500
Good/2241.jpg 1 0 0 364 500
Good/2242.jpg 1 0 0 364 500
Good/2243.jpg 1 0 0 364 500
Good/2244.jpg 1 0 0 364 500
Good/2245.jpg 1 0 0 364 500
Good/2246.jpg 1 0 0 364 500
Good/2247.jpg 1 0 0 364 500
Good/2248.jpg 1 0 0 364 500
Good/2249.jpg 1 0 0 364 500
Good/2250.jpg 1 0 0 364 500
Good/2251.jpg 1 0 0 364 500
Good/2252.jpg 1 0 0 364 500
Good/2253.jpg 1 0 0 364 500
Good/2254.jpg 1 0 0 364 500
Good/2255.jpg 1 0 0 364 500
Good/2256.jpg 1 0 0 364 500
Good/2257.jpg 1 0 0 364 500
Good/2258.jpg 1 0 0 364 500
Good/2259.jpg 1 0 0 364 500
Good/2260.jpg 1 0 0 364 500
Good/2261.jpg 1 0 0 364 500
Good/2262.jpg 1 0 0 364 500
Good/2263.jpg 1 0 0 364 500
Good/2264.jpg 1 0 0 364 500
Good/2265.jpg 1 0 0 364 500
Good/2266.jpg 1 0 0 364 500
Good/2267.jpg 1 0 0 364 500
Good/2268.jpg 1 0 0 364 500
Good/2269.jpg 1 0 0 364 500
Good/2270.jpg 1 0 0 364 500
Good/2271.jpg 1 0 0 364 500
Good/2272.jpg 1 0 0 364 500
Good/2273.jpg 1 0 0 364 500
Good/2274.jpg 1 0 0 364 500
Good/2275.jpg 1 0 0 364 500
Good/2276.jpg 1 0 0 364 500
Good/2277.jpg 1 0 0 364 500
Good/2278.jpg 1 0 0 364 500
Good/2279.jpg 1 0 0 364 500
Good/2280.jpg 1 0 0 364 500
Good/2281.jpg 1 0 0 364 500
Good/2282.jpg 1 0 0 364 500
Good/2283.jpg 1 0 0 364 500
Good/2284.jpg 1 0 0 364 500
Good/2285.jpg 1 0 0 364 500
Good/2286.jpg 1 0 0 364 500
Good/2287.jpg 1 0 0 364 500
Good/2288.jpg 1 0 0 364 500
Good/2289.jpg 1 0 0 364 500
Good/2290.jpg 1 0 0 364 500
Good/2291.jpg 1 0 0 364 500
Good/2292.jpg 1 0 0 364 500
Good/2293.jpg 1 0 0 364 500
Good/2294.jpg 1 0 0 364 500
Good/2295.jpg 1 0 0 364 500
Good/2296.jpg 1 0 0 364 500
Good/2297.jpg 1 0 0 364 500
Good/2298.jpg 1 0 0 364 500
Good/2299.jpg 1 0 0 364 500
Good/2300.jpg 1 0 0 364 500
Good/2301.jpg 1 0 0 364 500
Good/2302.jpg 1 0 0 364 500
Good/2303.jpg 1 0 0 364 500
Good/2304.jpg 1 0 0 364 500
Good/2305.jpg 1 0 0 364 500
Good/2306.jpg 1 0 0 364 500
Good/2307.jpg 1 0 0 364 500
Good/2308.jpg 1 0 0 364 500
Good/2309.jpg 1 0 0 364 500
Good/2310.jpg 1 0 0 364 500
Good/2311.jpg 1 0 0 364 500
Good/2312.jpg 1 0 0 364 500
Good/2313.jpg 1 0 0 364 500
Good/2314.jpg 1 0 0 364 500
Good/2315.jpg 1 0 0 364 500
Good/2316.jpg 1 0 0 364 500
Good/2317.jpg 1 0 0 364 500
Good/2318.jpg 1 0 0 364 500
Good/2319.jpg 1 0 0 364 500
Good/2320.jpg 1 0 0 364 500
Good/2321.jpg 1 0 0 364 500
Good/2322.jpg 1 0 0 364 500
Good/2323.jpg 1 0 0 364 500
Good/2324.jpg 1 0 0 364 500
Good/2325.jpg 1 0 0 364 500
Good/2326.jpg 1 0 0 364 500
Good/2327.jpg 1 0 0 364 500
Good/2328.jpg 1 0 0 364 500
Good/2329.jpg 1 0 0 364 500
Good/2330.jpg 1 0 0 364 500
Good/2331.jpg 1 0 0 364 500
Good/2332.jpg 1 0 0 364 500
Good/2333.jpg 1 0 0 364 500
Good/2334.jpg 1 0 0 364 500
Good/2335.jpg 1 0 0 364 500
Good/2336.jpg 1 0 0 364 500
Good/2337.jpg 1 0 0 364 500
Good/2338.jpg 1 0 0 364 500
Good/2339.jpg 1 0 0 364 500
Good/2340.jpg 1 0 0 364 500
Good/2341.jpg 1 0 0 364 500
Good/2342.jpg 1 0 0 364 500
Good/2343.jpg 1 0 0 364 500
Good/2344.jpg 1 0 0 364 500
Good/2345.jpg 1 0 0 364 500
Good/2346.jpg 1 0 0 364 500
Good/2347.jpg 1 0 0 364 500
Good/2348.jpg 1 0 0 364 500
Good/2349.jpg 1 0 0 364 500
Good/2350.jpg 1 0 0 364 500
Good/2351.jpg 1 0 0 364 500
Good/2352.jpg 1 0 0 364 500
Good/2353.jpg 1 0 0 364 500
Good/2354.jpg 1 0 0 364 500
Good/2355.jpg 1 0 0 364 500
Good/2356.jpg 1 0 0 364 500
Good/2357.jpg 1 0 0 364 500
Good/2358.jpg 1 0 0 364 500
Good/2359.jpg 1 0 0 364 500
Good/2360.jpg 1 0 0 364 500
Good/2361.jpg 1 0 0 364 500
Good/2362.jpg 1 0 0 364 500
Good/2363.jpg 1 0 0 364 500
Good/2364.jpg 1 0 0 364 500
Good/2365.jpg 1 0 0 364 500
Good/2366.jpg 1 0 0 364 500
Good/2367.jpg 1 0 0 364 500
Good/2368.jpg 1 0 0 364 500
Good/2369.jpg 1 0 0 364 500
Good/2370.jpg 1 0 0 364 500
Good/2371.jpg 1 0 0 364 500
Good/2372.jpg 1 0 0 364 500
Good/2373.jpg 1 0 0 364 500
Good/2374.jpg 1 0 0 364 500
Good/2375.jpg 1 0 0 364 500
Good/2376.jpg 1 0 0 364 500
Good/2377.jpg 1 0 0 364 500
Good/2378.jpg 1 0 0 364 500
Good/2379.jpg 1 0 0 364 500
Good/2380.jpg 1 0 0 364 500
Good/2381.jpg 1 0 0 364 500
Good/2382.jpg 1 0 0 364 500
Good/2383.jpg 1 0 0 364 500
Good/2384.jpg 1 0 0 364 500
Good/2385.jpg 1 0 0 364 500
Good/2386.jpg 1 0 0 364 500
Good/2387.jpg 1 0 0 364 500
Good/2388.jpg 1 0 0 364 500
Good/2389.jpg 1 0 0 364 500
Good/2390.jpg 1 0 0 364 500
Good/2391.jpg 1 0 0 364 500
Good/2392.jpg 1 0 0 364 500
Good/2393.jpg 1 0 0 364 500
Good/2394.jpg 1 0 0 364 500
Good/2395.jpg 1 0 0 364 500
Good/2396.jpg 1 0 0 364 500
Good/2397.jpg 1 0 0 364 500
Good/2398.jpg 1 0 0 364 500
Good/2399.jpg 1 0 0 364 500
Good/2400.jpg 1 0 0 364 500
Good/2401.jpg 1 0 0 364 500
Good/2402.jpg 1 0 0 364 500
Good/2403.jpg 1 0 0 364 500
Good/2404.jpg 1 0 0 364 500
Good/2405.jpg 1 0 0 364 500
Good/2406.jpg 1 0 0 364 500
Good/2407.jpg 1 0 0 364 500
Good/2408.jpg 1 0 0 364 500
Good/2409.jpg 1 0 0 364 500
Good/2410.jpg 1 0 0 364 500
Good/2411.jpg 1 0 0 364 500
Good/2412.jpg 1 0 0 364 500
Good/2413.jpg 1 0 0 364 500
Good/2414.jpg 1 0 0 364 500
Good/2415.jpg 1 0 0 364 500
Good/2416.jpg 1 0 0 364 500
Good/2417.jpg 1 0 0 364 500
Good/2418.jpg 1 0 0 364 500
Good/2419.jpg 1 0 0 364 500
Good/2420.jpg 1 0 0 364 500
Good/2421.jpg 1 0 0 364 500
Good/2422.jpg 1 0 0 364 500
Good/2423.jpg 1 0 0 364 500
Good/2424.jpg 1 0 0 364 500
Good/2425.jpg 1 0 0 364 500
Good/2426.jpg 1 0 0 364 500
Good/2427.jpg 1 0 0 364 500
Good/2428.jpg 1 0 0 364 500
Good/2429.jpg 1 0 0 364 500
Good/2430.jpg 1 0 0 364 500
Good/2431.jpg 1 0 0 364 500
Good/2432.jpg 1 0 0 364 500
Good/2433.jpg 1 0 0 364 500
Good/2434.jpg 1 0 0 364 500
Good/2435.jpg 1 0 0 364 500
Good/2436.jpg 1 0 0 364 500
Good/2437.jpg 1 0 0 364 500
Good/2438.jpg 1 0 0 364 500
Good/2439.jpg 1 0 0 364 500
Good/2440.jpg 1 0 0 364 500
Good/2441.jpg 1 0 0 364 500
Good/2442.jpg 1 0 0 364 500
Good/2443.jpg 1 0 0 364 500
Good/2444.jpg 1 0 0 364 500
Good/2445.jpg 1 0 0 364 500
Good/2446.jpg 1 0 0 364 500
Good/2447.jpg 1 0 0 364 500
Good/2448.jpg 1 0 0 364 500
Good/2449.jpg 1 0 0 364 500
Good/2450.jpg 1 0 0 364 500
Good/2451.jpg 1 0 0 364 500
Good/2452.jpg 1 0 0 364 500
Good/2453.jpg 1 0 0 364 500
Good/2454.jpg 1 0 0 364 500
Good/2455.jpg 1 0 0 364 500
Good/2456.jpg 1 0 0 364 500
Good/2457.jpg 1 0 0 364 500
Good/2458.jpg 1 0 0 364 500
Good/2459.jpg 1 0 0 364 500
Good/2460.jpg 1 0 0 364 500
Good/2461.jpg 1 0 0 364 500
Good/2462.jpg 1 0 0 364 500
Good/2463.jpg 1 0 0 364 500
Good/2464.jpg 1 0 0 364 500
Good/2465.jpg 1 0 0 364 500
Good/2466.jpg 1 0 0 364 500
Good/2467.jpg 1 0 0 364 500
Good/2468.jpg 1 0 0 364 500
Good/2469.jpg 1 0 0 364 500
Good/2470.jpg 1 0 0 364 500
Good/2471.jpg 1 0 0 364 500
Good/2472.jpg 1 0 0 364 500
Good/2473.jpg 1 0 0 364 500
Good/2474.jpg 1 0 0 364 500
Good/2475.jpg 1 0 0 364 500
Good/2476.jpg 1 0 0 364 500
Good/2477.jpg 1 0 0 364 500
Good/2478.jpg 1 0 0 364 500
Good/2479.jpg 1 0 0 364 500
Good/2480.jpg 1 0 0 364 500
Good/2481.jpg 1 0 0 364 500
Good/2482.jpg 1 0 0 364 500
Good/2483.jpg 1 0 0 364 500
Good/2484.jpg 1 0 0 364 500
Good/2485.jpg 1 0 0 364 500
Good/2486.jpg 1 0 0 364 500
Good/2487.jpg 1 0 0 364 500
Good/2488.jpg 1 0 0 364 500
Good/2489.jpg 1 0 0 364 500
Good/2490.jpg 1 0 0 364 500
Good/2491.jpg 1 0 0 364 500
Good/2492.jpg 1 0 0 364 500
Good/2493.jpg 1 0 0 364 500
Good/2494.jpg 1 0 0 364 500
Good/2495.jpg 1 0 0 364 500
Good/2496.jpg 1 0 0 364 500
Good/2497.jpg 1 0 0 364 500
Good/2498.jpg 1 0 0 364 500
Good/2499.jpg 1 0 0 364 500
Good/2500.jpg 1 0 0 364 500
Good/2501.jpg 1 0 0 364 500
Good/2502.jpg 1 0 0 364 500
Good/2503.jpg 1 0 0 364 500
Good/2504.jpg 1 0 0 364 500
Good/2505.jpg 1 0 0 364 500
Good/2506.jpg 1 0 0 364 500
Good/2507.jpg 1 0 0 364 500
Good/2508.jpg 1 0 0 364 500
Good/2509.jpg 1 0 0 364 500
Good/2510.jpg 1 0 0 364 500
Good/2511.jpg 1 0 0 364 500
Good/2512.jpg 1 0 0 364 500
Good/2513.jpg 1 0 0 364 500
Good/2514.jpg 1 0 0 364 500
Good/2515.jpg 1 0 0 364 500
Good/2516.jpg 1 0 0 364 500
Good/2517.jpg 1 0 0 364 500
Good/2518.jpg 1 0 0 364 500
Good/2519.jpg 1 0 0 364 500
Good/2520.jpg 1 0 0 364 500
Good/2521.jpg 1 0 0 364 500
Good/2522.jpg 1 0 0 364 500
Good/2523.jpg 1 0 0 364 500
Good/2524.jpg 1 0 0 364 500
Good/2525.jpg 1 0 0 364 500
Good/2526.jpg 1 0 0 364 500
Good/2527.jpg 1 0 0 364 500
Good/2528.jpg 1 0 0 364 500
Good/2529.jpg 1 0 0 364 500
Good/2530.jpg 1 0 0 364 500
Good/2531.jpg 1 0 0 364 500
Good/2532.jpg 1 0 0 364 500
Good/2533.jpg 1 0 0 364 500
Good/2534.jpg 1 0 0 364 500
Good/2535.jpg 1 0 0 364 500
Good/2536.jpg 1 0 0 364 500
Good/2537.jpg 1 0 0 364 500
Good/2538.jpg 1 0 0 364 500
Good/2539.jpg 1 0 0 364 500
Good/2540.jpg 1 0 0 364 500
Good/2541.jpg 1 0 0 364 500
Good/2542.jpg 1 0 0 364 500
Good/2543.jpg 1 0 0 364 500
Good/2544.jpg 1 0 0 364 500
Good/2545.jpg 1 0 0 364 500
Good/2546.jpg 1 0 0 364 500
Good/2547.jpg 1 0 0 364 500
Good/2548.jpg 1 0 0 364 500
Good/2549.jpg 1 0 0 364 500
Good/2550.jpg 1 0 0 364 500
Good/2551.jpg 1 0 0 364 500
Good/2552.jpg 1 0 0 364 500
Good/2553.jpg 1 0 0 364 500
Good/2554.jpg 1 0 0 364 500
Good/2555.jpg 1 0 0 364 500
Good/2556.jpg 1 0 0 364 500
Good/2557.jpg 1 0 0 364 500
Good/2558.jpg 1 0 0 364 500
Good/2559.jpg 1 0 0 364 500
Good/2560.jpg 1 0 0 364 500
Good/2561.jpg 1 0 0 364 500
Good/2562.jpg 1 0 0 364 500
Good/2563.jpg 1 0 0 364 500
Good/2564.jpg 1 0 0 364 500
Good/2565.jpg 1 0 0 364 500
Good/2566.jpg 1 0 0 364 500
Good/2567.jpg 1 0 0 364 500
Good/2568.jpg 1 0 0 364 500
Good/2569.jpg 1 0 0 364 500
Good/2570.jpg 1 0 0 364 500
Good/2571.jpg 1 0 0 364 500
Good/2572.jpg 1 0 0 364 500
Good/2573.jpg 1 0 0 364 500
Good/2574.jpg 1 0 0 364 500
Good/2575.jpg 1 0 0 364 500
Good/2576.jpg 1 0 0 364 500
Good/2577.jpg 1 0 0 364 500
Good/2578.jpg 1 0 0 364 500
Good/2579.jpg 1 0 0 364 500
Good/2580.jpg 1 0 0 364 500
Good/2581.jpg 1 0 0 364 500
Good/2582.jpg 1 0 0 364 500
Good/2583.jpg 1 0 0 364 500
Good/2584.jpg 1 0 0 364 500
Good/2585.jpg 1 0 0 364 500
Good/2586.jpg 1 0 0 364 500
Good/2587.jpg 1 0 0 364 500
Good/2588.jpg 1 0 0 364 500
Good/2589.jpg 1 0 0 364 500
Good/2590.jpg 1 0 0 364 500
Good/2591.jpg 1 0 0 364 500
Good/2592.jpg 1 0 0 364 500
Good/2593.jpg 1 0 0 364 500
Good/2594.jpg 1 0 0 364 500
Good/2595.jpg 1 0 0 364 500
Good/2596.jpg 1 0 0 364 500
Good/2597.jpg 1 0 0 364 500
Good/2598.jpg 1 0 0 364 500
Good/2599.jpg 1 0 0 364 500
Good/2600.jpg 1 0 0 364 500
